1.6
2.61
3.9
4.54
5.81
6.87
7.26
8.56
9.15
10.33
11.70
12.74
13.58
14.20
15.49
16.94
17.20
18.18
19.29
20.40
21.45
22.5
23.74
24.12
25.96
26.12
27.4
28.9
29.66
30.58
31.57
32.23
33.18
34.65
35.28
36.51
37.51
38.53
39.6
40.18
41.37
42.75
43.43
44.46
45.46
46.43
47.39
48.65
49.61
50.19
51.57
52.57
53.76
54.82
55.69
56.71
57.93
58.24
59.31
60.10
61.81
62.87
63.84
64.99
65.4
66.12
67.49
68.6
69.16
70.6
71.23
72.5
73.32
74.18
75.50
76.77
77.60
78.41
79.94
80.20
81.11
82.50
83.29
84.86
85.31
86.97
87.9
88.75
89.20
90.39
91.85
92.52
93.78
94.20
95.50
96.81
97.31
98.98
99.86
100.99
101.3
102.61
103.3
104.86
105.78
106.4
107.63
108.89
109.96
110.56
111.61
112.7
113.5
114.89
115.44
116.35
117.37
118.52
119.61
120.56
