1.1400
2.1463
3.2224
4.2571
5.2709
6.2750
7.3202
8.3372
9.3404
10.3453
11.3518
12.3887
13.4033
14.4077
15.4132
16.4322
17.4596
18.4727
19.4742
20.4878
21.5002
22.5077
23.5279
24.5346
25.5603
26.5646
27.5738
28.5779
29.5931
30.6096
31.6214
32.6251
33.6269
34.6395
35.6489
36.6595
37.6829
38.6842
39.6893
40.6944
41.7078
42.7132
43.7203
44.7215
45.7245
46.7622
47.7644
48.7653
49.7704
50.7778
51.7792
52.7944
53.8095
54.8129
55.8415
56.8422
57.8601
58.8730
59.8737
60.8810
61.8812
62.8818
63.8843
64.8891
65.8982
66.8990
67.9133
68.9161
69.9189
70.9189
71.9274
72.9348
73.9362
74.9370
75.9374
76.9397
77.9519
78.9882
79.9950
80.9968
81.10005
82.10041
83.10095
84.10096
85.10114
86.10152
87.10175
88.10274
89.10330
90.10345
91.10357
92.10421
93.10469
94.10613
95.10623
96.10637
97.10765
98.10866
99.10870
100.10902
101.11031
102.11220
103.11259
104.11283
105.11292
106.11423
107.11424
108.11445
109.11491
110.11504
111.11528
112.11540
113.11570
114.11588
115.11648
116.11721
117.11801
118.11814
119.11818
120.11937
121.11985
122.11994
123.12045
124.12122
125.12135
126.12284
127.12290
128.12306
129.12312
130.12340
131.12378
132.12382
133.12400
134.12463
135.12516
136.12532
137.12538
138.12579
139.12603
140.12615
141.12657
142.12695
143.12710
144.12712
145.12732
146.12774
147.12835
148.13169
149.13215
150.13217
151.13263
152.13333
153.13338
154.13388
155.13498
156.13511
157.13548
158.13575
159.13613
160.13748
161.13755
162.13823
163.13826
164.13826
165.13845
166.13877
167.13917
168.13945
169.13951
170.13987
171.13994
172.14025
173.14035
174.14069
175.14081
176.14108
177.14121
178.14173
179.14185
180.14221
181.14223
182.14242
183.14303
184.14327
185.14342
186.14370
187.14479
188.14562
189.14660
190.14685
191.14686
192.14710
193.14725
194.14740
195.14798
196.14808
197.14907
198.14940
199.14992
200.15022
201.15046
202.15062
203.15063
204.15072
205.15085
206.15119
207.15132
208.15161
209.15200
210.15285
211.15349
212.15363
213.15366
214.15506
215.15519
216.15568
217.15576
218.15595
219.15644
220.15658
221.15665
222.15666
223.15701
224.15705
225.15721
226.15753
227.15811
228.15822
229.15861
230.15881
231.15886
232.15967
233.16000
234.16026
235.16059
236.16083
237.16102
238.16137
239.16222
240.16271
241.16281
242.16287
243.16311
244.16325
245.16331
246.16368
247.16384
248.16430
249.16434
250.16435
251.16440
252.16478
253.16492
254.16553
255.16569
256.16579
257.16600
258.16668
259.16683
260.16734
261.16797
262.16809
263.16876
264.16913
265.17033
266.17077
267.17152
268.17221
269.17253
270.17258
271.17259
272.17287
273.17305
274.17352
275.17364
276.17392
277.17398
278.17421
279.17498
280.17516
281.17563
282.17577
283.17609
284.17638
285.17669
286.17695
287.17716
288.17791
289.17908
290.17921
291.17937
292.17982
293.17997
294.18006
295.18024
296.18037
297.18072
298.18079
299.18080
300.18238
301.18268
302.18274
303.18304
304.18306
305.18342
306.18417
307.18442
308.18443
309.18475
310.18507
311.18529
312.18539
313.18617
314.18632
315.18659
316.18703
317.18722
318.18735
319.18738
320.18778
321.18809
322.18847
323.18855
324.18910
325.18917
326.18929
327.18936
328.18962
329.19002
330.19006
331.19018
332.19021
333.19026
334.19048
335.19079
336.19108
337.19114
338.19176
339.19182
340.19210
341.19238
342.19317
343.19340
344.19351
345.19355
346.19375
347.19381
348.19398
349.19399
350.19411
351.19424
352.19444
353.19470
354.19476
355.19483
356.19535
357.19537
358.19544
359.19583
360.19594
361.19625
362.19629
363.19672
364.19679
365.19701
366.19739
367.19778
368.19809
369.19886
370.19892
371.19911
372.19929
373.19942
374.19954
375.20028
376.20045
377.20064
378.20067
379.20094
380.20118
381.20122
382.20141
383.20144
384.20193
385.20231
386.20247
387.20275
388.20297
389.20329
390.20364
391.20367
392.20380
393.20391
394.20424
395.20443
396.20446
397.20446
398.20463
399.20481
400.20511
401.20517
402.20539
403.20614
404.20646
405.20693
406.20730
407.20775
408.20804
409.20864
410.20902
411.20923
412.21006
413.21010
414.21053
415.21075
416.21119
417.21145
418.21168
419.21172
420.21214
421.21293
422.21297
423.21309
424.21386
425.21407
426.21408
427.21422
428.21486
429.21526
430.21529
431.21562
432.21567
433.21603
434.21670
435.21695
436.21708
437.21718
438.21744
439.21746
440.21777
441.21808
442.21809
443.21849
444.21854
445.21864
446.21866
447.21953
448.21973
449.21979
450.22011
451.22023
452.22074
453.22078
454.22089
455.22103
456.22147
457.22149
458.22156
459.22157
460.22178
461.22187
462.22199
463.22214
464.22218
465.22225
466.22230
467.22255
468.22278
469.22278
470.22312
471.22336
472.22357
473.22367
474.22371
475.22462
476.22504
477.22520
478.22525
479.22554
480.22560
481.22575
482.22643
483.22643
484.22672
485.22690
486.22703
487.22724
488.22729
489.22731
490.22736
491.22744
492.22766
493.22803
494.22878
495.22908
496.22928
497.22932
498.22933
499.22938
500.22966
501.22985
502.23033
503.23057
504.23071
505.23126
506.23142
507.23154
508.23241
509.23333
510.23364
511.23373
512.23388
513.23446
514.23453
515.23465
516.23516
517.23524
518.23539
519.23545
520.23594
521.23626
522.23631
523.23649
524.23657
525.23688
526.23713
527.23731
528.23741
529.23748
530.23803
531.23829
532.23918
533.23942
534.23947
535.23974
536.23995
537.24034
538.24097
539.24136
540.24137
541.24139
542.24142
543.24176
544.24176
545.24204
546.24213
547.24255
548.24284
549.24295
550.24347
551.24394
552.24471
553.24537
554.24624
555.24630
556.24630
557.24652
558.24655
559.24672
560.24707
561.24762
562.24788
563.24797
564.24842
565.24850
566.24862
567.24863
568.24867
569.24872
570.24885
571.24894
572.24914
573.24952
574.24968
575.24976
576.24977
577.25024
578.25024
579.25042
580.25046
581.25050
582.25079
583.25079
584.25095
585.25104
586.25104
587.25123
588.25124
589.25133
590.25154
591.25163
592.25171
593.25173
594.25204
595.25220
596.25224
597.25242
598.25250
599.25283
600.25290
601.25308
602.25321
603.25352
604.25358
605.25367
606.25374
607.25374
608.25385
609.25386
610.25402
611.25403
612.25407
613.25410
614.25458
615.25463
616.25487
617.25527
618.25557
619.25598
620.25627
621.25647
622.25661
623.25666
624.25672
625.25782
626.25814
627.25824
628.25922
629.26017
630.26024
631.26031
632.26058
633.26074
634.26078
635.26089
636.26101
637.26117
638.26130
639.26151
640.26182
641.26188
642.26195
643.26199
644.26252
645.26255
646.26269
647.26284
648.26292
649.26309
650.26311
651.26371
652.26382
653.26422
654.26449
655.26455
656.26475
657.26507
658.26536
659.26541
660.26548
661.26548
662.26577
663.26600
664.26601
665.26619
666.26655
667.26670
668.26670
669.26672
670.26679
671.26704
672.26739
673.26801
674.26830
675.26870
676.26877
677.26892
678.26897
679.26930
680.26932
681.26944
682.27051
683.27070
684.27075
685.27081
686.27082
687.27087
688.27088
689.27094
690.27155
691.27175
692.27205
693.27250
694.27256
695.27265
696.27265
697.27290
698.27294
699.27364
700.27389
701.27392
702.27408
703.27413
704.27415
705.27438
706.27480
707.27495
708.27552
709.27564
710.27572
711.27584
712.27615
713.27623
714.27624
715.27631
716.27660
717.27663
718.27685
719.27715
720.27721
721.27726
722.27749
723.27801
724.27847
725.27896
726.27973
727.27978
728.27996
729.28008
730.28013
731.28020
732.28076
733.28093
734.28113
735.28138
736.28157
737.28162
738.28176
739.28181
740.28228
741.28249
742.28298
743.28337
744.28380
745.28397
746.28397
747.28403
748.28439
749.28453
750.28453
751.28473
752.28506
753.28509
754.28524
755.28559
756.28593
757.28607
758.28659
759.28667
760.28678
761.28692
762.28728
763.28746
764.28753
765.28762
766.28771
767.28776
768.28784
769.28826
770.28888
771.28901
772.28924
773.28948
774.28950
775.28956
776.29003
777.29020
778.29043
779.29054
780.29057
781.29066
782.29108
783.29111
784.29153
785.29154
786.29161
787.29182
788.29239
789.29269
790.29280
791.29289
792.29315
793.29357
794.29365
795.29368
796.29392
797.29443
798.29444
799.29500
800.29500
801.29512
802.29531
803.29537
804.29554
805.29600
806.29628
807.29650
808.29662
809.29677
810.29692
811.29704
812.29763
813.29774
814.29796
815.29832
816.29838
817.29843
818.29872
819.29890
820.29943
821.29944
822.29953
823.29985
824.29987
825.29989
826.29997
827.30000
828.30002
829.30016
830.30059
831.30063
832.30067
833.30070
834.30135
835.30145
836.30151
837.30174
838.30181
839.30182
840.30190
841.30215
842.30267
843.30273
844.30287
845.30296
846.30309
847.30337
848.30384
849.30436
850.30469
851.30479
852.30524
853.30543
854.30544
855.30577
856.30585
857.30589
858.30592
859.30592
860.30635
861.30644
862.30644
863.30680
864.30682
865.30687
866.30691
867.30695
868.30721
869.30751
870.30772
871.30853
872.30858
873.30886
874.30892
875.30893
876.30903
877.30912
878.30970
879.30976
880.30981
881.30989
882.30991
883.31044
884.31050
885.31065
886.31069
887.31082
888.31089
889.31090
890.31112
891.31122
892.31132
893.31144
894.31149
895.31158
896.31164
897.31166
898.31170
899.31201
900.31202
901.31208
902.31216
903.31236
904.31245
905.31248
906.31255
907.31269
908.31275
909.31276
910.31279
911.31312
912.31315
913.31316
914.31346
915.31359
916.31371
917.31372
918.31376
919.31379
920.31381
921.31385
922.31403
923.31411
924.31426
925.31427
926.31437
927.31448
928.31453
929.31480
930.31482
931.31487
932.31491
933.31493
934.31514
935.31519
936.31532
937.31591
938.31603
939.31645
940.31647
941.31702
942.31732
943.31745
944.31746
945.31755
946.31770
947.31777
948.31778
949.31803
950.31830
951.31875
952.31881
953.31904
954.31907
955.31914
956.31943
957.32053
958.32069
959.32078
960.32093
961.32095
962.32138
963.32151
964.32173
965.32180
966.32186
967.32189
968.32224
969.32225
970.32234
971.32236
972.32247
973.32262
974.32290
975.32296
976.32296
977.32355
978.32362
979.32374
980.32389
981.32419
982.32420
983.32435
984.32438
985.32460
986.32465
987.32499
988.32518
989.32529
990.32534
991.32540
992.32554
993.32565
994.32581
995.32593
996.32643
997.32655
998.32655
999.32687
1000.32697
1001.32718
1002.32738
1003.32746
1004.32780
1005.32793
1006.32826
1007.32834
1008.32903
1009.32923
1010.32950
1011.32982
1012.33012
1013.33024
1014.33033
1015.33057
1016.33083
1017.33092
1018.33098
1019.33106
1020.33109
1021.33113
1022.33118
1023.33118
1024.33147
1025.33182
1026.33208
1027.33217
1028.33266
1029.33282
1030.33282
1031.33290
1032.33308
1033.33313
1034.33356
1035.33366
1036.33395
1037.33450
1038.33451
1039.33453
1040.33469
1041.33475
1042.33476
1043.33505
1044.33563
1045.33572
1046.33580
1047.33602
1048.33627
1049.33628
1050.33641
1051.33665
1052.33666
1053.33690
1054.33701
1055.33703
1056.33705
1057.33727
1058.33736
1059.33753
1060.33757
1061.33759
1062.33775
1063.33786
1064.33791
1065.33804
1066.33807
1067.33815
1068.33828
1069.33844
1070.33864
1071.33873
1072.33884
1073.33884
1074.33890
1075.33899
1076.33909
1077.33915
1078.33915
1079.33942
1080.33952
1081.33962
1082.33981
1083.34001
1084.34007
1085.34045
1086.34056
1087.34071
1088.34074
1089.34085
1090.34140
1091.34142
1092.34194
1093.34205
1094.34216
1095.34246
1096.34247
1097.34252
1098.34266
1099.34273
1100.34300
1101.34327
1102.34340
1103.34343
1104.34350
1105.34396
1106.34431
1107.34438
1108.34449
1109.34451
1110.34467
1111.34472
1112.34492
1113.34553
1114.34557
1115.34558
1116.34565
1117.34601
1118.34603
1119.34609
1120.34612
1121.34615
1122.34629
1123.34714
1124.34722
1125.34729
1126.34736
1127.34752
1128.34757
1129.34771
1130.34777
1131.34791
1132.34810
1133.34835
1134.34839
1135.34878
1136.34878
1137.34898
1138.34909
1139.34941
1140.34973
1141.34976
1142.34991
1143.35010
1144.35030
1145.35038
1146.35076
1147.35083
1148.35089
1149.35092
1150.35093
1151.35097
1152.35098
1153.35119
1154.35123
1155.35133
1156.35150
1157.35152
1158.35181
1159.35196
1160.35203
1161.35231
1162.35238
1163.35276
1164.35295
1165.35329
1166.35343
1167.35352
1168.35368
1169.35374
1170.35376
1171.35396
1172.35430
1173.35489
1174.35497
1175.35545
1176.35578
1177.35588
1178.35592
1179.35604
1180.35617
1181.35618
1182.35619
1183.35623
1184.35631
1185.35632
1186.35638
1187.35692
1188.35695
1189.35724
1190.35733
1191.35744
1192.35770
1193.35779
1194.35787
1195.35805
1196.35805
1197.35815
1198.35917
1199.35945
1200.35948
1201.36006
1202.36029
1203.36069
1204.36070
1205.36080
1206.36097
1207.36101
1208.36130
1209.36148
1210.36184
1211.36187
1212.36202
1213.36202
1214.36206
1215.36231
1216.36300
1217.36302
1218.36318
1219.36330
1220.36360
1221.36397
1222.36399
1223.36442
1224.36466
1225.36513
1226.36529
1227.36530
1228.36530
1229.36563
1230.36595
1231.36606
1232.36625
1233.36626
1234.36642
1235.36644
1236.36650
1237.36683
1238.36686
1239.36693
1240.36725
1241.36727
1242.36750
1243.36766
1244.36803
1245.36811
1246.36837
1247.36840
1248.36847
1249.36852
1250.36860
1251.36897
1252.36912
1253.36913
1254.36956
1255.36968
1256.36969
1257.36983
1258.36987
1259.37003
1260.37018
1261.37041
1262.37056
1263.37098
1264.37104
1265.37111
1266.37140
1267.37188
1268.37205
1269.37210
1270.37220
1271.37231
1272.37282
1273.37282
1274.37306
1275.37317
1276.37328
1277.37335
1278.37335
1279.37339
1280.37361
1281.37366
1282.37396
1283.37456
1284.37456
1285.37505
1286.37520
1287.37556
1288.37570
1289.37600
1290.37619
1291.37653
1292.37704
1293.37707
1294.37711
1295.37750
1296.37755
1297.37757
1298.37764
1299.37819
1300.37839
1301.37854
1302.37868
1303.37882
1304.37891
1305.37895
1306.37914
1307.37926
1308.37972
1309.38020
1310.38041
1311.38111
1312.38131
1313.38151
1314.38184
1315.38189
1316.38199
1317.38241
1318.38256
1319.38260
1320.38280
1321.38282
1322.38285
1323.38330
1324.38347
1325.38360
1326.38389
1327.38416
1328.38424
1329.38460
1330.38463
1331.38466
1332.38479
1333.38494
1334.38499
1335.38508
1336.38536
1337.38538
1338.38543
1339.38547
1340.38565
1341.38599
1342.38627
1343.38639
1344.38645
1345.38655
1346.38716
1347.38767
1348.38772
1349.38820
1350.38852
1351.38901
1352.38904
1353.38907
1354.38933
1355.38976
1356.39000
1357.39021
1358.39111
1359.39128
1360.39152
1361.39165
1362.39169
1363.39183
1364.39252
1365.39269
1366.39285
1367.39290
1368.39291
1369.39292
1370.39341
1371.39350
1372.39371
1373.39492
1374.39545
1375.39546
1376.39565
1377.39600
1378.39620
1379.39638
1380.39640
1381.39670
1382.39691
1383.39696
1384.39728
1385.39733
1386.39750
1387.39752
1388.39754
1389.39872
1390.39877
1391.39916
1392.39919
1393.39926
1394.39934
1395.39942
1396.39943
1397.39976
1398.39993
1399.40027
1400.40032
1401.40051
1402.40059
1403.40070
1404.40114
1405.40124
1406.40141
1407.40184
1408.40190
1409.40197
1410.40238
1411.40249
1412.40290
1413.40325
1414.40405
1415.40440
1416.40452
1417.40496
1418.40502
1419.40539
1420.40589
1421.40652
1422.40656
1423.40665
1424.40683
1425.40705
1426.40708
1427.40727
1428.40753
1429.40762
1430.40768
1431.40818
1432.40838
1433.40854
1434.40917
1435.40917
1436.40967
1437.40974
1438.41026
1439.41059
1440.41069
1441.41078
1442.41085
1443.41102
1444.41103
1445.41118
1446.41142
1447.41154
1448.41157
1449.41180
1450.41190
1451.41195
1452.41228
1453.41289
1454.41299
1455.41331
1456.41338
1457.41345
1458.41399
1459.41447
1460.41449
1461.41462
1462.41499
1463.41517
1464.41557
1465.41574
1466.41592
1467.41594
1468.41609
1469.41640
1470.41647
1471.41657
1472.41670
1473.41692
1474.41772
1475.41845
1476.41849
1477.41849
1478.41870
1479.41872
1480.41888
1481.41901
1482.41922
1483.41975
1484.41994
1485.42022
1486.42067
1487.42100
1488.42102
1489.42214
1490.42224
1491.42229
1492.42249
1493.42253
1494.42278
1495.42322
1496.42330
1497.42365
1498.42409
1499.42475
1500.42480
1501.42511
1502.42524
1503.42552
1504.42553
1505.42554
1506.42568
1507.42568
1508.42597
1509.42610
1510.42614
1511.42631
1512.42657
1513.42692
1514.42702
1515.42716
1516.42845
1517.42848
1518.42871
1519.42879
1520.42907
1521.42958
1522.42968
1523.42972
1524.42972
1525.43014
1526.43069
1527.43095
1528.43118
1529.43134
1530.43158
1531.43173
1532.43176
1533.43184
1534.43185
1535.43220
1536.43222
1537.43246
1538.43253
1539.43275
1540.43312
1541.43328
1542.43341
1543.43366
1544.43374
1545.43386
1546.43395
1547.43423
1548.43432
1549.43491
1550.43517
1551.43521
1552.43531
1553.43567
1554.43575
1555.43580
1556.43582
1557.43583
1558.43597
1559.43603
1560.43630
1561.43650
1562.43657
1563.43677
1564.43697
1565.43702
1566.43740
1567.43766
1568.43787
1569.43808
1570.43842
1571.43888
1572.43912
1573.43916
1574.43958
1575.43971
1576.44009
1577.44012
1578.44040
1579.44061
1580.44066
1581.44066
1582.44072
1583.44081
1584.44082
1585.44085
1586.44110
1587.44118
1588.44121
1589.44129
1590.44146
1591.44161
1592.44191
1593.44204
1594.44219
1595.44230
1596.44248
1597.44315
1598.44339
1599.44359
1600.44383
1601.44413
1602.44421
1603.44462
1604.44495
1605.44587
1606.44596
1607.44613
1608.44649
1609.44688
1610.44717
1611.44718
1612.44747
1613.44812
1614.44814
1615.44844
1616.44873
1617.44877
1618.44891
1619.44944
1620.44965
1621.45005
1622.45080
1623.45084
1624.45086
1625.45108
1626.45116
1627.45125
1628.45138
1629.45152
1630.45161
1631.45165
1632.45176
1633.45226
1634.45343
1635.45355
1636.45428
1637.45445
1638.45459
1639.45514
1640.45516
1641.45546
1642.45550
1643.45553
1644.45570
1645.45613
1646.45617
1647.45651
1648.45662
1649.45688
1650.45695
1651.45733
1652.45737
1653.45745
1654.45753
1655.45820
1656.45844
1657.45854
1658.45854
1659.45899
1660.45903
1661.45906
1662.45912
1663.45964
1664.45970
1665.46037
1666.46049
1667.46054
1668.46097
1669.46195
1670.46202
1671.46223
1672.46277
1673.46287
1674.46322
1675.46329
1676.46331
1677.46345
1678.46353
1679.46359
1680.46375
1681.46388
1682.46430
1683.46481
1684.46594
1685.46619
1686.46626
1687.46638
1688.46642
1689.46698
1690.46751
1691.46779
1692.46780
1693.46802
1694.46811
1695.46863
1696.46872
1697.46923
1698.46930
1699.46947
1700.46948
1701.46956
1702.46973
1703.47066
1704.47072
1705.47084
1706.47108
1707.47236
1708.47259
1709.47326
1710.47365
1711.47436
1712.47513
1713.47545
1714.47590
1715.47624
1716.47690
1717.47693
1718.47718
1719.47753
1720.47756
1721.47825
1722.47833
1723.47840
1724.47849
1725.47861
1726.47869
1727.47872
1728.47923
1729.47930
1730.47931
1731.47936
1732.47982
1733.48001
1734.48005
1735.48033
1736.48040
1737.48078
1738.48090
1739.48118
1740.48149
1741.48150
1742.48178
1743.48218
1744.48219
1745.48224
1746.48247
1747.48250
1748.48252
1749.48263
1750.48332
1751.48334
1752.48349
1753.48359
1754.48374
1755.48474
1756.48487
1757.48490
1758.48496
1759.48529
1760.48532
1761.48539
1762.48545
1763.48597
1764.48647
1765.48690
1766.48737
1767.48788
1768.48797
1769.48822
1770.48847
1771.48857
1772.48878
1773.48954
1774.48987
1775.48990
1776.49050
1777.49143
1778.49151
1779.49160
1780.49160
1781.49164
1782.49238
1783.49245
1784.49248
1785.49248
1786.49259
1787.49296
1788.49300
1789.49330
1790.49346
1791.49490
1792.49490
1793.49530
1794.49545
1795.49645
1796.49674
1797.49688
1798.49719
1799.49732
1800.49733
1801.49743
1802.49766
1803.49768
1804.49789
1805.49843
1806.49860
1807.49865
1808.49906
1809.49948
1810.49954
1811.50025
1812.50089
1813.50107
1814.50136
1815.50143
1816.50172
1817.50177
1818.50204
1819.50230
1820.50268
1821.50292
1822.50294
1823.50327
1824.50339
1825.50343
1826.50351
1827.50435
1828.50462
1829.50472
1830.50536
1831.50538
1832.50659
1833.50728
1834.50741
1835.50762
1836.50839
1837.50879
1838.50894
1839.50934
1840.50939
1841.50939
1842.50952
1843.50954
1844.51099
1845.51102
1846.51179
1847.51211
1848.51260
1849.51270
1850.51330
1851.51330
1852.51351
1853.51376
1854.51386
1855.51448
1856.51532
1857.51540
1858.51552
1859.51573
1860.51599
1861.51647
1862.51798
1863.51801
1864.51810
1865.51835
1866.51926
1867.52151
1868.52154
1869.52165
1870.52169
1871.52193
1872.52263
1873.52290
1874.52300
1875.52358
1876.52376
1877.52468
1878.52500
1879.52523
1880.52541
1881.52669
1882.52698
1883.52786
1884.52808
1885.52853
1886.52854
1887.52861
1888.52865
1889.52874
1890.52875
1891.52917
1892.52918
1893.52919
1894.52955
1895.52961
1896.52995
1897.53056
1898.53099
1899.53112
1900.53182
1901.53240
1902.53240
1903.53249
1904.53288
1905.53315
1906.53355
1907.53408
1908.53529
1909.53534
1910.53596
1911.53614
1912.53646
1913.53703
1914.53767
1915.53824
1916.53850
1917.53893
1918.53911
1919.53911
1920.53917
1921.54044
1922.54061
1923.54118
1924.54136
1925.54159
1926.54249
1927.54280
1928.54318
1929.54339
1930.54374
1931.54411
1932.54433
1933.54437
1934.54440
1935.54443
1936.54487
1937.54569
1938.54598
1939.54599
1940.54620
1941.54642
1942.54643
1943.54644
1944.54681
1945.54711
1946.54717
1947.54724
1948.54742
1949.54753
1950.54797
1951.54802
1952.54896
1953.54938
1954.55035
1955.55051
1956.55059
1957.55095
1958.55103
1959.55109
1960.55360
1961.55457
1962.55477
1963.55483
1964.55574
1965.55588
1966.55624
1967.55778
1968.55793
1969.55846
1970.55946
1971.56021
1972.56068
1973.56117
1974.56170
1975.56340
1976.56367
1977.56489
1978.56572
1979.56602
1980.56674
1981.56746
1982.56752
1983.56791
1984.56900
1985.56927
1986.57100
1987.57287
1988.57491
1989.57493
1990.57506
1991.57554
1992.57610
1993.57632
1994.57648
1995.57723
1996.57784
1997.57791
1998.57813
1999.57843
2000.58073
2001.58147
2002.58337
2003.58353
2004.58396
2005.58413
2006.58448
2007.58467
2008.58654
2009.58853
2010.58871
2011.58931
2012.58939
2013.59002
2014.59014
2015.59016
2016.59188
2017.59257
2018.59418
2019.59855
2020.59889
2021.59915
2022.59976
2023.59996
2024.60097
2025.60118
2026.60172
2027.60299
2028.60304
2029.60370
2030.60998
2031.61211
2032.61842
2033.62189
2034.62295
2035.62330
2036.62691
2037.62736
2038.62816
2039.62967
2040.63070
2041.63073
2042.63547
2043.63595
2044.63884
2045.64174
2046.64425
2047.64529
2048.64533
