MUL:
-------------------------------------------------
n=4:
A=6 61 9 54 
B=81 87 26 56 
C=486 5463 6192 7079 8348 1908 3024 
-------------------------------------------------
n=16:
A=6 61 9 54 81 87 26 56 15 33 70 74 58 20 49 94 
B=20 18 29 40 45 5 74 12 96 12 4 9 66 58 57 23 
C=120 1328 1452 3251 5563 7899 7749 14412 11431 17946 14536 19947 19170 26401 19903 26430 25862 29723 31546 26888 19090 17924 15647 21384 14373 11329 10248 11520 8705 6485 2162 
-------------------------------------------------
n=32:
A=6 61 9 54 81 87 26 56 15 33 70 74 58 20 49 94 20 18 29 40 45 5 74 12 96 12 4 9 66 58 57 23 
B=18 65 28 51 51 53 6 18 37 75 43 46 46 43 39 65 61 19 57 57 76 82 69 71 93 24 31 10 81 87 84 99 
C=108 1488 4295 3571 8637 12231 14873 12970 17442 16386 19242 19357 25468 28148 30722 33476 37361 32514 34227 42417 44200 42132 44311 53826 55804 63688 56938 61269 58198 65287 62648 70979 71144 78234 74795 71826 61356 54357 59457 58477 57887 51445 50536 51835 47950 44021 42811 30962 36777 30368 33517 29660 32066 30589 21082 17554 10552 12875 16328 18228 12531 7575 2277 
-------------------------------------------------
n=60:
A=6 61 9 54 81 87 26 56 15 33 70 74 58 20 49 94 20 18 29 40 45 5 74 12 96 12 4 9 66 58 57 23 18 65 28 51 51 53 6 18 37 75 43 46 46 43 39 65 61 19 57 57 76 82 69 71 93 24 31 10 
B=81 87 84 99 4 12 49 6 16 6 23 5 32 18 50 77 60 41 94 20 11 50 29 86 31 97 9 75 20 39 85 52 78 20 50 81 31 98 86 99 3 61 3 86 78 4 63 89 96 56 61 7 5 89 44 35 37 52 61 56 
C=486 5463 6540 10875 18078 19837 22887 25474 18759 16288 21434 23977 25135 28249 24411 31002 31322 34344 34777 36295 36912 39379 43693 40329 45724 52140 51411 49387 57356 54724 68429 59988 63013 65281 67473 71086 79240 76148 80161 79483 85171 77988 99625 89843 93729 98060 92536 109947 103361 114171 105121 119384 112668 126311 132018 118874 124591 124469 139480 134999 121049 117942 117537 119158 104502 113891 109344 113114 124346 109100 111713 115460 115455 104784 101913 93283 95822 103278 99556 96873 93240 93270 89735 93835 83128 84519 83262 81862 81068 79834 79771 79367 68332 68826 71012 64211 55985 54634 51627 55868 56276 50504 47799 44868 40866 37416 34820 27223 25626 28418 23583 22593 19028 15444 12394 8654 3755 2346 560 

FFT:
-------------------------------------------------
n=4:
A=6 61 9 54 
B=81 87 26 56 
C=486 5463 6192 7079 8348 1908 3024 
-------------------------------------------------
n=16:
A=6 61 9 54 81 87 26 56 15 33 70 74 58 20 49 94 
B=20 18 29 40 45 5 74 12 96 12 4 9 66 58 57 23 
C=120 1328 1452 3251 5563 7899 7749 14412 11431 17946 14536 19947 19170 26401 19903 26430 25862 29723 31546 26888 19090 17924 15647 21384 14373 11329 10248 11520 8705 6485 2162 
-------------------------------------------------
n=32:
A=6 61 9 54 81 87 26 56 15 33 70 74 58 20 49 94 20 18 29 40 45 5 74 12 96 12 4 9 66 58 57 23 
B=18 65 28 51 51 53 6 18 37 75 43 46 46 43 39 65 61 19 57 57 76 82 69 71 93 24 31 10 81 87 84 99 
C=108 1488 4295 3571 8637 12231 14873 12970 17442 16386 19242 19357 25468 28148 30722 33476 37361 32514 34227 42417 44200 42132 44311 53826 55804 63688 56938 61269 58198 65287 62648 70979 71144 78234 74795 71826 61356 54357 59457 58477 57887 51445 50536 51835 47950 44021 42811 30962 36777 30368 33517 29660 32066 30589 21082 17554 10552 12875 16328 18228 12531 7575 2277 
-------------------------------------------------
n=60:
A=6 61 9 54 81 87 26 56 15 33 70 74 58 20 49 94 20 18 29 40 45 5 74 12 96 12 4 9 66 58 57 23 18 65 28 51 51 53 6 18 37 75 43 46 46 43 39 65 61 19 57 57 76 82 69 71 93 24 31 10 
B=81 87 84 99 4 12 49 6 16 6 23 5 32 18 50 77 60 41 94 20 11 50 29 86 31 97 9 75 20 39 85 52 78 20 50 81 31 98 86 99 3 61 3 86 78 4 63 89 96 56 61 7 5 89 44 35 37 52 61 56 
C=486 5463 6540 10875 18078 19837 22887 25474 18759 16288 21434 23977 25135 28249 24411 31002 31322 34344 34777 36295 36912 39379 43693 40329 45724 52140 51411 49387 57356 54724 68429 59988 63013 65281 67473 71086 79240 76148 80161 79483 85171 77988 99625 89843 93729 98060 92536 109947 103361 114171 105121 119384 112668 126311 132018 118874 124591 124469 139480 134999 121049 117942 117537 119158 104502 113891 109344 113114 124346 109100 111713 115460 115455 104784 101913 93283 95822 103278 99556 96873 93240 93270 89735 93835 83128 84519 83262 81862 81068 79834 79771 79367 68332 68826 71012 64211 55985 54634 51627 55868 56276 50504 47799 44868 40866 37416 34820 27223 25626 28418 23583 22593 19028 15444 12394 8654 3755 2346 560 
