1.1463
2.5002
3.6269
4.6829
5.6893
6.7653
7.8415
8.8601
9.8810
10.8843
11.8982
12.9362
13.9519
14.11259
15.11292
16.12135
17.12400
18.12463
19.12712
20.13169
21.13548
22.13826
23.14069
24.14710
25.14940
26.15666
27.15701
28.15967
29.16435
30.16734
31.17253
32.17259
33.17287
34.17305
35.17695
36.18080
37.18507
38.18929
39.19182
40.19317
41.20275
42.20329
43.20367
44.21075
45.21408
46.21718
47.21809
48.21866
49.21953
50.22023
51.22078
52.22147
53.22560
54.22643
55.22744
56.22966
57.23516
58.23649
59.23731
60.23803
61.24136
62.24624
63.24885
64.25079
65.25133
66.25242
67.25367
68.25402
69.25527
70.26117
71.26188
72.26199
73.26548
74.26801
75.27392
76.27564
77.27749
78.28020
79.28784
80.28924
81.29043
82.29057
83.29108
84.29280
85.29500
86.29628
87.29650
88.29704
89.29763
90.29796
91.29872
92.29943
93.30002
94.30174
95.30273
96.30287
97.30479
98.30524
99.30687
100.31044
101.31166
102.31248
103.31312
104.31346
105.31381
106.31453
107.31603
108.31702
109.31732
110.31907
111.32095
112.32247
113.32355
114.32435
115.32518
116.32746
117.32834
118.33282
119.33641
120.33703
121.33884
122.33981
123.34007
124.34140
125.34194
126.34247
127.34252
128.34553
129.34603
130.34629
131.34729
132.34736
133.34941
134.35083
135.35089
136.35133
137.35276
138.35430
139.35592
140.35692
141.35779
142.36006
143.36202
144.36360
145.36513
146.36750
147.36897
148.37003
149.37111
150.37282
151.37306
152.37339
153.37456
154.37755
155.37764
156.37868
157.37891
158.37972
159.38111
160.38131
161.38256
162.38463
163.39290
164.39696
165.40705
166.40768
167.40917
168.40974
169.41026
170.41069
171.41142
172.41190
173.41195
174.41399
175.41609
176.41657
177.41870
178.42022
179.42229
180.42249
181.42480
182.42568
183.42610
184.42614
185.43173
186.43220
187.43275
188.43328
189.43395
190.43580
191.43582
192.43583
193.43603
194.43766
195.43808
196.44009
197.44012
198.44040
199.44219
200.44688
201.44812
202.44844
203.45176
204.45343
205.45459
206.45514
207.45695
208.46388
209.46430
210.46638
211.46642
212.46779
213.46802
214.46923
215.46948
216.47072
217.47236
218.47259
219.47624
220.47825
221.48001
222.48252
223.48263
224.48539
225.49245
226.49733
227.49906
228.50659
229.50741
230.51099
231.51270
232.51926
233.52169
234.52290
235.52861
236.52918
237.52961
238.53767
239.53911
240.54249
241.54433
242.54644
243.54724
244.54797
245.54896
246.55483
247.56117
248.56572
249.56602
250.56927
251.57100
252.59889
253.59976
254.60172
255.60370
256.61842
